
power = 2171.28661359669
throughput = 13875.88
composite = 5488.94457030438
